0000000000000000000000000000000000000000
0130000000000000000000000000000000000000
0003030000000000130000001330000000000000
0033333300033000003000000003000000000000
0030030001330330033330000033300000000000
0033333300033000003000000003000000000000
0003030000000000130000001030330000000000
0330000000000000000000030200000000000000
0000000000000000000013003000000000000000
0130000000013000000000300000000000000000
0003000000000300130000033300000000000000
0033330000003330003030300030000000000000
0030033300000300000333000030000000000000
0033330001333033300030303030000000000000
0003000000000000000000033300000000000000
0130000000000000000000003033330000000000
0000000000000000000000000000000000000000
0000000000000000000000000000000000000000
0000000000000000000000000000000000000000
0000000000000000000000000000000000000000
0000000000000000000000000000000000000000
0000000000000000000000000000000000000000
0000000000000000000000000000000000000000
0000000000000000000000000000000000000000
0000000000000000000000000000000000000000
